[1, 1, 3, 5, 3, 6, 2, 108, 2, 14, 7, 3, 4, 6, 2, 16, 8, 4, 8, 2, 1, 2, 1, 6, 4, 6, 3, 1, 6, 7, 9, 2, 2, 6, 21, 8, 1, 2, 4, 43, 12, 29, 1, 1, 6, 9] 
 
 
[1, 2, 3, 2, 5, 6, 3, 62, 1, 2, 9, 1, 6, 6, 2, 11, 9, 2, 7, 6, 5, 1, 2, 3, 5, 4, 7, 3, 7, 6, 2, 1, 1, 4, 14, 3, 3, 3, 6, 38, 15, 5, 3, 2, 4, 34] 
 
 
[1, 3, 3, 5, 1, 3, 7, 80, 4, 18, 1, 1, 7, 4, 3, 8, 8, 4, 3, 6, 1, 2, 2, 7, 8, 7, 2, 2, 8, 8, 6, 2, 3, 3, 18, 2, 1, 1, 2, 114, 2, 30, 4, 2, 1, 21] 
 
 
[1, 4, 4, 1, 3, 3, 3, 6, 8, 9, 3, 1, 4, 3, 6, 3, 13, 1, 8, 1, 5, 3, 2, 5, 3, 4, 4, 6, 1, 11, 7, 2, 1, 3, 3, 7, 3, 3, 4, 61, 7, 5, 3, 1, 4, 27] 
 
 
[1, 5, 4, 3, 3, 5, 2, 18, 1, 25, 4, 2, 6, 8, 2, 7, 7, 4, 7, 5, 5, 2, 3, 2, 1, 4, 2, 4, 10, 3, 1, 2, 3, 10, 19, 7, 2, 1, 3, 10, 5, 30, 4, 1, 4, 18] 
 
 
[1, 6, 1, 2, 3, 6, 1, 49, 7, 7, 8, 2, 4, 3, 2, 17, 11, 4, 5, 3, 1, 3, 2, 6, 1, 7, 6, 3, 1, 12, 7, 1, 2, 7, 27, 3, 3, 1, 4, 52, 6, 8, 4, 3, 6, 21] 
 
 
[1, 7, 1, 3, 4, 7, 5, 28, 4, 22, 1, 3, 5, 2, 1, 5, 3, 1, 2, 3, 1, 2, 3, 6, 2, 4, 2, 1, 9, 9, 10, 2, 1, 8, 17, 11, 3, 1, 3, 49, 7, 8, 6, 2, 4, 11] 
 
 
[1, 8, 2, 3, 5, 7, 5, 9, 5, 10, 3, 3, 4, 8, 4, 3, 10, 2, 6, 6, 5, 2, 1, 5, 7, 5, 8, 5, 2, 2, 2, 2, 3, 4, 15, 4, 3, 2, 3, 99, 13, 36, 1, 1, 4, 21] 
 
 
[1, 9, 1, 3, 1, 6, 7, 70, 6, 15, 3, 1, 5, 7, 4, 12, 7, 2, 5, 5, 1, 3, 3, 7, 7, 5, 7, 4, 6, 6, 6, 1, 3, 1, 9, 10, 3, 2, 3, 65, 1, 11, 2, 2, 4, 23] 
 
 
[2, 1, 3, 4, 5, 1, 3, 4, 8, 3, 5, 1, 1, 2, 6, 5, 12, 5, 4, 2, 3, 3, 2, 9, 6, 6, 5, 5, 4, 4, 7, 1, 1, 7, 11, 10, 1, 2, 7, 62, 5, 12, 3, 2, 6, 18] 
 
 
[2, 2, 2, 4, 4, 2, 5, 45, 8, 22, 2, 1, 6, 7, 1, 9, 6, 1, 8, 6, 2, 1, 3, 7, 3, 1, 8, 2, 10, 4, 5, 1, 3, 8, 25, 11, 1, 3, 1, 117, 1, 17, 3, 2, 4, 5] 
 
 
[2, 3, 2, 3, 4, 5, 4, 102, 5, 1, 7, 1, 3, 5, 5, 4, 9, 3, 5, 5, 4, 1, 1, 8, 1, 5, 1, 1, 5, 2, 5, 2, 1, 5, 27, 11, 1, 3, 5, 127, 4, 15, 5, 2, 3, 32] 
 
 
[2, 4, 1, 1, 1, 3, 6, 82, 6, 19, 9, 2, 7, 7, 2, 8, 2, 2, 2, 6, 1, 2, 3, 2, 8, 7, 2, 6, 3, 6, 1, 2, 3, 4, 25, 9, 2, 2, 1, 64, 3, 16, 3, 3, 4, 5] 
 
 
[2, 5, 3, 6, 1, 5, 4, 94, 8, 11, 6, 1, 2, 4, 3, 12, 9, 1, 6, 3, 5, 2, 1, 2, 7, 3, 9, 2, 7, 2, 1, 1, 2, 9, 27, 2, 2, 3, 4, 14, 15, 4, 4, 2, 1, 23] 
 
 
[2, 6, 2, 4, 2, 7, 3, 24, 3, 10, 1, 2, 6, 7, 6, 4, 13, 3, 5, 3, 1, 3, 3, 1, 7, 6, 5, 4, 5, 7, 7, 2, 2, 2, 10, 10, 1, 3, 4, 106, 10, 18, 3, 2, 3, 18] 
 
 
[2, 7, 3, 4, 2, 6, 3, 9, 8, 24, 5, 3, 3, 7, 6, 17, 3, 5, 7, 2, 3, 1, 2, 1, 7, 6, 5, 5, 10, 12, 1, 2, 2, 3, 9, 11, 3, 1, 4, 20, 4, 21, 4, 1, 6, 17] 
 
 
[2, 8, 4, 3, 1, 4, 4, 90, 5, 2, 6, 1, 5, 5, 3, 12, 7, 1, 5, 3, 1, 1, 2, 7, 1, 5, 8, 4, 7, 10, 7, 1, 3, 10, 20, 2, 3, 2, 3, 115, 10, 11, 1, 1, 3, 31] 
 
 
[2, 9, 1, 1, 1, 3, 1, 5, 7, 22, 9, 3, 9, 3, 4, 5, 11, 2, 6, 6, 2, 1, 3, 7, 6, 5, 8, 4, 2, 8, 9, 2, 2, 2, 11, 3, 3, 3, 2, 74, 9, 20, 1, 1, 2, 9] 
 
 
[3, 1, 2, 4, 1, 5, 4, 18, 2, 21, 6, 3, 10, 7, 6, 9, 12, 3, 1, 5, 2, 1, 2, 5, 8, 3, 5, 3, 2, 4, 2, 2, 3, 7, 25, 5, 3, 2, 7, 128, 3, 20, 5, 1, 5, 37] 
 
 
[3, 2, 2, 6, 1, 3, 2, 107, 8, 15, 4, 1, 7, 3, 2, 10, 10, 2, 6, 1, 2, 1, 1, 9, 2, 3, 3, 2, 6, 3, 6, 2, 3, 4, 6, 5, 2, 3, 3, 112, 14, 6, 4, 2, 1, 18] 
 
 
[3, 3, 2, 4, 1, 3, 7, 94, 6, 1, 4, 2, 3, 4, 6, 5, 11, 5, 1, 6, 2, 3, 3, 7, 3, 6, 3, 6, 2, 5, 5, 2, 3, 8, 20, 8, 1, 1, 6, 117, 8, 31, 6, 3, 2, 21] 
 
 
[3, 4, 1, 6, 1, 4, 4, 20, 6, 15, 5, 2, 4, 7, 6, 16, 11, 3, 1, 3, 1, 2, 1, 3, 6, 1, 4, 3, 9, 11, 8, 2, 1, 6, 6, 1, 2, 1, 4, 60, 14, 32, 6, 1, 4, 33] 
 
 
[3, 5, 1, 5, 2, 6, 6, 34, 7, 14, 1, 1, 3, 5, 6, 5, 9, 5, 1, 1, 5, 3, 2, 3, 3, 2, 9, 5, 5, 11, 2, 1, 1, 9, 8, 10, 2, 3, 8, 110, 7, 3, 1, 3, 6, 29] 
 
 
[3, 6, 3, 3, 2, 7, 5, 87, 1, 23, 2, 1, 2, 7, 1, 13, 2, 4, 2, 6, 3, 3, 2, 9, 3, 7, 6, 4, 4, 12, 8, 2, 1, 4, 16, 4, 2, 3, 6, 121, 11, 36, 2, 2, 3, 38] 
 
 
[3, 7, 2, 3, 1, 2, 4, 18, 7, 21, 4, 3, 6, 6, 1, 7, 5, 2, 8, 4, 3, 3, 2, 7, 8, 3, 3, 1, 3, 1, 10, 1, 3, 4, 11, 3, 3, 1, 6, 97, 6, 12, 1, 2, 1, 28] 
 
 
[3, 8, 1, 2, 2, 6, 2, 102, 6, 19, 4, 1, 1, 1, 4, 2, 5, 5, 4, 2, 4, 1, 1, 8, 4, 3, 8, 2, 7, 6, 8, 1, 1, 10, 14, 8, 1, 3, 4, 52, 3, 29, 1, 2, 3, 16] 
 
 
[3, 9, 2, 3, 3, 4, 7, 38, 3, 18, 4, 1, 5, 6, 1, 4, 12, 3, 4, 2, 1, 2, 2, 4, 8, 5, 8, 3, 2, 8, 2, 1, 2, 9, 2, 5, 1, 3, 8, 103, 5, 16, 5, 2, 3, 26] 
 
 
[4, 1, 4, 4, 3, 7, 1, 105, 6, 22, 3, 1, 5, 1, 6, 10, 5, 1, 2, 1, 5, 1, 1, 2, 8, 1, 2, 4, 2, 11, 2, 2, 2, 8, 12, 3, 2, 2, 8, 122, 1, 5, 2, 3, 1, 16] 
 
 
[4, 2, 4, 4, 2, 3, 8, 38, 6, 10, 9, 2, 5, 7, 1, 18, 1, 5, 2, 5, 3, 3, 2, 3, 6, 7, 2, 3, 9, 10, 4, 1, 3, 9, 3, 7, 2, 1, 5, 81, 1, 4, 2, 1, 1, 6] 
 
 
[4, 3, 2, 2, 2, 1, 1, 39, 8, 19, 9, 1, 5, 3, 5, 6, 6, 4, 2, 6, 3, 2, 1, 6, 8, 6, 3, 5, 10, 10, 1, 2, 3, 2, 3, 5, 1, 1, 2, 101, 14, 27, 1, 1, 3, 36] 
 
 
[4, 4, 3, 3, 4, 1, 1, 101, 2, 2, 4, 2, 1, 7, 6, 17, 6, 5, 3, 6, 2, 2, 1, 4, 8, 1, 6, 1, 9, 4, 2, 1, 2, 2, 1, 3, 1, 2, 3, 39, 7, 25, 5, 3, 2, 17] 
 
 
[4, 5, 3, 3, 1, 4, 6, 70, 6, 20, 2, 3, 6, 6, 5, 16, 1, 6, 5, 1, 1, 1, 1, 3, 4, 5, 9, 1, 8, 1, 7, 1, 1, 2, 17, 4, 1, 3, 8, 73, 2, 14, 6, 3, 5, 5] 
 
 
[4, 6, 2, 2, 3, 2, 5, 87, 5, 7, 6, 3, 2, 7, 3, 17, 10, 6, 1, 1, 5, 1, 2, 9, 5, 4, 8, 2, 4, 7, 5, 2, 1, 8, 7, 10, 2, 3, 2, 71, 11, 4, 1, 3, 4, 38] 
 
 
[4, 7, 1, 4, 2, 2, 1, 64, 6, 4, 5, 3, 4, 3, 5, 17, 14, 4, 6, 5, 4, 2, 1, 8, 7, 7, 6, 1, 3, 10, 10, 2, 1, 7, 18, 4, 1, 3, 4, 105, 1, 33, 4, 1, 5, 33] 
 
 
[4, 8, 4, 3, 5, 4, 8, 52, 2, 11, 2, 1, 1, 4, 6, 14, 13, 1, 7, 4, 2, 3, 2, 4, 3, 2, 9, 1, 4, 1, 9, 1, 2, 7, 22, 4, 1, 3, 4, 104, 9, 14, 2, 2, 2, 35] 
 
 
[4, 9, 2, 3, 4, 2, 2, 60, 6, 2, 7, 3, 7, 4, 3, 18, 6, 4, 7, 3, 3, 3, 2, 3, 1, 4, 5, 2, 2, 10, 9, 2, 2, 10, 9, 10, 3, 3, 8, 121, 4, 15, 4, 3, 3, 28] 
 
 
[5, 1, 2, 3, 4, 6, 4, 72, 2, 24, 4, 1, 5, 6, 6, 12, 5, 4, 6, 6, 2, 1, 1, 8, 7, 6, 6, 5, 2, 3, 6, 1, 1, 4, 15, 3, 2, 2, 8, 121, 5, 13, 4, 2, 1, 16] 
 
 
[5, 2, 3, 2, 2, 3, 2, 92, 7, 14, 8, 3, 4, 4, 3, 9, 3, 4, 6, 2, 3, 1, 3, 7, 7, 4, 8, 2, 4, 11, 3, 1, 3, 8, 23, 7, 1, 3, 8, 39, 4, 23, 2, 2, 3, 23] 
 
 
[5, 3, 3, 5, 3, 4, 7, 80, 3, 24, 5, 2, 10, 5, 1, 9, 10, 4, 4, 6, 4, 3, 2, 4, 8, 1, 4, 2, 5, 9, 6, 1, 3, 9, 18, 5, 2, 3, 2, 2, 8, 7, 3, 1, 4, 32] 
 
 
[5, 4, 1, 3, 1, 1, 8, 99, 6, 20, 5, 1, 5, 7, 2, 13, 9, 4, 7, 2, 1, 1, 2, 9, 1, 6, 2, 6, 6, 7, 10, 1, 2, 1, 26, 11, 3, 2, 4, 25, 7, 5, 2, 1, 1, 38] 
 
 
[5, 5, 3, 3, 3, 2, 3, 28, 7, 5, 2, 2, 6, 7, 6, 16, 13, 1, 8, 4, 5, 3, 3, 6, 8, 6, 5, 1, 3, 6, 2, 2, 1, 7, 24, 2, 1, 3, 7, 81, 9, 2, 3, 1, 1, 37] 
 
 
[5, 6, 3, 6, 5, 5, 3, 36, 4, 1, 8, 3, 4, 4, 6, 7, 3, 3, 1, 6, 3, 2, 1, 1, 5, 2, 2, 2, 2, 1, 10, 1, 2, 4, 21, 4, 3, 1, 6, 95, 10, 33, 2, 2, 2, 5] 
 
 
[5, 7, 2, 2, 3, 4, 4, 20, 6, 20, 3, 1, 10, 7, 1, 11, 10, 1, 8, 2, 2, 2, 2, 8, 3, 4, 1, 5, 10, 1, 2, 2, 1, 9, 5, 4, 1, 3, 4, 61, 1, 25, 2, 3, 5, 17] 
 
 
[5, 8, 2, 5, 2, 7, 3, 103, 4, 10, 5, 2, 5, 5, 5, 18, 9, 4, 1, 1, 5, 1, 2, 2, 6, 1, 7, 3, 8, 1, 5, 1, 3, 8, 8, 2, 1, 2, 4, 124, 9, 36, 4, 1, 3, 35] 
 
 
[5, 9, 2, 6, 4, 4, 5, 70, 3, 18, 3, 3, 10, 4, 4, 18, 13, 4, 3, 1, 1, 3, 1, 7, 4, 1, 2, 2, 4, 5, 1, 1, 2, 10, 6, 3, 1, 3, 8, 49, 13, 30, 1, 2, 3, 16] 
 
 
[6, 1, 2, 2, 3, 5, 2, 13, 3, 22, 8, 2, 6, 7, 4, 5, 8, 4, 4, 4, 2, 1, 2, 2, 8, 6, 8, 6, 8, 11, 9, 2, 3, 7, 14, 8, 3, 2, 1, 55, 6, 32, 6, 2, 2, 5] 
 
 
[6, 2, 1, 3, 1, 1, 8, 1, 5, 21, 6, 3, 10, 5, 2, 3, 5, 5, 7, 3, 3, 1, 1, 2, 7, 7, 1, 2, 1, 1, 3, 2, 2, 8, 5, 3, 2, 2, 2, 19, 12, 12, 3, 3, 5, 27] 
 
 
[6, 3, 1, 5, 5, 1, 5, 107, 8, 22, 6, 1, 5, 3, 5, 1, 1, 6, 1, 6, 4, 3, 2, 6, 8, 6, 9, 3, 5, 4, 2, 1, 2, 10, 18, 3, 1, 1, 4, 113, 1, 7, 3, 2, 6, 19] 
 
 
[6, 4, 4, 1, 5, 1, 7, 109, 8, 24, 1, 3, 5, 4, 2, 12, 5, 2, 3, 6, 2, 2, 2, 10, 3, 4, 9, 1, 5, 5, 5, 2, 1, 6, 26, 5, 2, 2, 4, 29, 1, 7, 3, 3, 6, 19] 
 
 
[6, 5, 3, 5, 1, 1, 3, 18, 5, 10, 6, 1, 1, 2, 5, 18, 4, 2, 7, 6, 3, 2, 1, 5, 1, 5, 7, 5, 10, 9, 8, 1, 3, 5, 20, 3, 3, 3, 7, 107, 9, 28, 1, 2, 1, 25] 
------------------------------------------------------------------------------------------------------------------------------------------------------------
error: limit reached
 
[6, 6, 3, 3, 3, 1, 2, 101, 6, 4, 7, 1, 1, 6, 3, 13, 1, 5, 3, 4, 3, 2, 3, 3, 8, 5, 9, 5, 6, 4, 4, 2, 2, 8, 14, 8, 1, 3, 7, 99, 5, 21, 1, 2, 1, 31] 
 
 
[6, 7, 1, 6, 1, 2, 3, 82, 1, 4, 7, 1, 6, 3, 4, 18, 3, 6, 1, 6, 4, 1, 1, 2, 5, 7, 7, 5, 3, 6, 9, 2, 3, 2, 27, 3, 3, 3, 6, 32, 7, 4, 4, 3, 3, 21] 
 
 
[6, 8, 1, 6, 3, 3, 6, 1, 7, 12, 8, 1, 5, 5, 6, 7, 6, 2, 2, 3, 5, 1, 3, 5, 8, 7, 2, 4, 4, 6, 5, 1, 2, 10, 2, 5, 3, 2, 8, 105, 12, 7, 4, 1, 3, 15] 
 
 
[6, 9, 1, 1, 5, 7, 3, 64, 1, 23, 2, 3, 2, 1, 1, 3, 10, 6, 8, 3, 2, 3, 3, 8, 7, 7, 8, 5, 10, 5, 6, 1, 1, 10, 20, 8, 1, 2, 7, 44, 15, 7, 1, 2, 3, 14] 
 
 
[7, 1, 2, 6, 1, 7, 2, 114, 5, 14, 4, 2, 6, 2, 1, 4, 1, 5, 2, 4, 4, 2, 2, 8, 4, 5, 7, 3, 10, 11, 10, 1, 3, 5, 2, 8, 2, 3, 4, 55, 13, 36, 1, 3, 5, 36] 
 
 
[7, 2, 2, 3, 5, 1, 1, 15, 2, 20, 2, 3, 3, 7, 2, 1, 5, 1, 1, 6, 2, 1, 1, 4, 5, 6, 5, 4, 1, 6, 5, 2, 3, 2, 5, 2, 2, 3, 4, 123, 5, 24, 2, 1, 3, 12] 
 
 
[7, 3, 2, 4, 4, 5, 6, 105, 8, 25, 6, 1, 8, 8, 2, 17, 7, 1, 5, 4, 5, 1, 2, 8, 4, 6, 4, 1, 2, 10, 4, 1, 2, 2, 17, 10, 1, 2, 3, 72, 7, 32, 1, 1, 6, 37] 
 
 
[7, 4, 2, 6, 4, 1, 4, 43, 7, 21, 4, 1, 3, 7, 2, 6, 1, 2, 6, 5, 5, 2, 2, 10, 2, 1, 2, 3, 10, 10, 5, 1, 2, 5, 27, 2, 2, 3, 1, 27, 3, 7, 4, 3, 2, 13] 
 
 
[7, 5, 4, 4, 3, 5, 4, 29, 8, 10, 3, 1, 5, 8, 2, 16, 1, 3, 1, 5, 1, 3, 3, 10, 3, 6, 6, 4, 8, 12, 6, 2, 3, 9, 12, 7, 1, 2, 8, 89, 14, 23, 1, 1, 6, 20] 
 
 
[7, 6, 1, 5, 5, 5, 2, 58, 5, 16, 7, 3, 6, 2, 5, 2, 3, 3, 8, 5, 3, 1, 1, 1, 4, 5, 9, 1, 7, 7, 3, 1, 1, 2, 19, 1, 3, 3, 4, 71, 10, 12, 3, 1, 3, 12] 
 
 
[7, 7, 2, 5, 1, 7, 7, 77, 4, 23, 8, 2, 6, 5, 4, 2, 13, 2, 8, 3, 4, 2, 1, 6, 2, 2, 9, 2, 4, 8, 4, 2, 1, 1, 20, 2, 3, 2, 8, 127, 7, 2, 1, 2, 4, 32] 
 
 
[7, 8, 3, 5, 3, 6, 2, 4, 4, 10, 5, 3, 7, 8, 1, 6, 12, 2, 2, 2, 3, 1, 2, 9, 4, 7, 6, 2, 2, 10, 10, 2, 2, 5, 7, 11, 1, 2, 8, 106, 1, 16, 5, 3, 2, 20] 
 
 
[7, 9, 1, 2, 3, 6, 1, 12, 5, 9, 2, 3, 4, 2, 6, 7, 6, 5, 2, 3, 2, 2, 1, 5, 2, 2, 6, 2, 7, 10, 9, 2, 3, 8, 7, 3, 2, 2, 5, 94, 1, 1, 5, 3, 1, 20] 
 
 
[8, 1, 1, 5, 3, 7, 8, 96, 4, 8, 7, 2, 2, 5, 6, 7, 8, 6, 4, 5, 4, 2, 3, 9, 1, 1, 6, 3, 6, 7, 6, 2, 2, 8, 23, 9, 3, 1, 5, 31, 13, 30, 1, 3, 2, 13] 
 
 
[8, 2, 2, 3, 1, 4, 7, 16, 5, 12, 3, 1, 8, 4, 2, 13, 9, 4, 4, 3, 2, 1, 1, 5, 1, 6, 6, 5, 8, 9, 1, 2, 1, 7, 24, 9, 1, 2, 6, 118, 6, 16, 4, 2, 2, 36] 
 
 
[8, 3, 1, 3, 5, 4, 6, 52, 7, 11, 5, 2, 9, 5, 6, 16, 4, 4, 6, 6, 4, 2, 2, 3, 5, 5, 3, 2, 9, 10, 5, 1, 1, 10, 22, 9, 2, 3, 3, 6, 7, 3, 4, 1, 6, 36] 
 
 
[8, 4, 2, 4, 5, 6, 2, 40, 8, 18, 4, 2, 9, 5, 5, 6, 7, 4, 3, 1, 1, 1, 2, 6, 8, 1, 9, 3, 6, 9, 7, 2, 3, 10, 11, 7, 3, 3, 6, 93, 7, 20, 4, 3, 3, 5] 
 
 
[8, 5, 4, 4, 4, 1, 5, 8, 1, 18, 9, 2, 2, 8, 1, 14, 9, 3, 2, 3, 4, 3, 1, 10, 2, 3, 9, 3, 1, 3, 7, 1, 1, 9, 22, 6, 2, 2, 8, 112, 6, 1, 3, 3, 1, 30] 
 
 
[8, 6, 2, 3, 5, 3, 6, 13, 8, 7, 7, 2, 9, 3, 6, 3, 8, 3, 7, 5, 1, 3, 2, 2, 8, 1, 3, 6, 6, 8, 6, 1, 3, 5, 26, 1, 3, 1, 8, 90, 14, 9, 5, 1, 6, 36] 
 
 
[8, 7, 4, 3, 5, 5, 6, 94, 2, 12, 6, 1, 2, 1, 2, 12, 3, 4, 5, 4, 2, 3, 1, 6, 6, 6, 4, 2, 8, 10, 10, 2, 3, 9, 25, 10, 2, 3, 7, 2, 11, 15, 2, 1, 6, 8] 
 
 
[8, 8, 1, 2, 1, 7, 5, 51, 4, 22, 1, 1, 10, 5, 1, 12, 9, 2, 7, 6, 4, 2, 2, 1, 4, 3, 3, 2, 6, 10, 6, 1, 2, 1, 2, 7, 2, 2, 8, 100, 4, 10, 1, 3, 6, 27] 
 
 
[8, 9, 4, 3, 5, 2, 1, 23, 8, 2, 1, 1, 9, 7, 1, 5, 7, 4, 5, 6, 3, 2, 1, 1, 7, 7, 1, 4, 9, 9, 8, 1, 1, 3, 1, 11, 3, 2, 2, 92, 1, 26, 5, 1, 3, 32] 
 
 
[9, 1, 1, 3, 4, 5, 1, 35, 5, 13, 9, 2, 5, 4, 5, 4, 6, 6, 6, 4, 1, 3, 1, 10, 1, 4, 1, 3, 2, 1, 4, 2, 3, 4, 5, 11, 3, 1, 6, 127, 15, 28, 5, 1, 5, 34] 
 
 
[9, 2, 2, 3, 3, 5, 5, 63, 1, 17, 6, 3, 8, 8, 1, 9, 14, 1, 3, 2, 1, 3, 3, 4, 6, 2, 6, 5, 10, 10, 5, 1, 1, 1, 13, 2, 3, 3, 4, 35, 8, 31, 4, 1, 2, 30] 
 
 
[9, 3, 1, 1, 5, 5, 1, 35, 8, 20, 6, 1, 7, 5, 3, 4, 9, 1, 1, 3, 3, 1, 3, 1, 7, 4, 4, 4, 3, 12, 6, 1, 1, 5, 26, 3, 3, 2, 2, 94, 8, 3, 1, 1, 6, 27] 
 
 
[9, 4, 2, 6, 3, 6, 3, 20, 2, 13, 7, 2, 2, 3, 5, 7, 9, 4, 6, 3, 3, 3, 2, 8, 3, 7, 7, 2, 4, 4, 4, 1, 1, 9, 21, 4, 1, 1, 4, 100, 12, 19, 6, 2, 4, 33] 
 
 
[9, 5, 2, 6, 1, 3, 4, 7, 3, 24, 2, 2, 9, 8, 5, 8, 7, 2, 1, 2, 4, 3, 1, 5, 8, 7, 4, 3, 4, 10, 9, 2, 3, 4, 16, 6, 3, 1, 7, 33, 7, 1, 2, 1, 1, 38] 
 
 
[9, 6, 4, 1, 4, 5, 7, 115, 3, 10, 6, 1, 6, 2, 4, 12, 14, 4, 6, 1, 1, 1, 2, 10, 7, 5, 7, 1, 9, 10, 9, 1, 2, 10, 28, 7, 1, 2, 8, 91, 1, 12, 6, 3, 1, 10] 
 
 
[9, 7, 1, 5, 5, 5, 7, 113, 8, 12, 1, 2, 2, 5, 1, 17, 13, 5, 5, 6, 2, 3, 1, 5, 2, 1, 7, 4, 6, 1, 8, 2, 3, 2, 26, 3, 1, 1, 8, 10, 11, 30, 4, 2, 5, 33] 
 
 
[9, 8, 4, 5, 5, 7, 7, 36, 7, 19, 2, 2, 9, 8, 1, 4, 14, 5, 1, 6, 3, 3, 3, 9, 1, 3, 6, 2, 4, 2, 1, 1, 3, 7, 16, 4, 1, 2, 5, 22, 9, 8, 6, 2, 1, 25] 
 
 
[9, 9, 3, 1, 4, 1, 3, 63, 8, 11, 2, 2, 9, 3, 3, 17, 7, 5, 4, 5, 5, 1, 1, 5, 3, 2, 8, 3, 7, 3, 2, 1, 2, 9, 9, 2, 1, 2, 4, 130, 13, 3, 6, 1, 2, 29] 
 
 
[10, 1, 1, 4, 2, 6, 2, 86, 8, 17, 2, 2, 10, 7, 2, 10, 4, 6, 5, 1, 5, 2, 1, 5, 4, 6, 8, 4, 8, 7, 7, 1, 2, 3, 9, 2, 3, 1, 1, 33, 7, 25, 4, 1, 4, 12] 
 
 
[10, 2, 1, 5, 3, 2, 7, 52, 8, 19, 3, 3, 1, 5, 2, 5, 5, 3, 5, 6, 4, 2, 3, 5, 8, 2, 2, 5, 2, 9, 8, 1, 1, 8, 8, 10, 1, 3, 1, 43, 6, 22, 2, 2, 5, 11] 
 
 
[10, 3, 1, 2, 5, 6, 1, 36, 7, 10, 8, 3, 10, 4, 1, 16, 11, 4, 3, 1, 5, 1, 3, 10, 2, 3, 6, 3, 6, 2, 5, 1, 3, 1, 26, 4, 2, 3, 2, 87, 4, 32, 1, 2, 6, 1] 
 
 
[10, 4, 4, 1, 2, 3, 8, 94, 1, 22, 6, 2, 8, 4, 1, 6, 6, 1, 4, 3, 1, 1, 1, 5, 7, 2, 7, 1, 9, 6, 9, 1, 1, 5, 9, 2, 1, 1, 6, 62, 6, 7, 3, 2, 3, 4] 
 
 
[10, 5, 4, 2, 1, 3, 3, 64, 5, 1, 4, 1, 4, 6, 4, 5, 13, 5, 3, 4, 1, 3, 2, 1, 6, 6, 1, 3, 6, 7, 9, 2, 1, 1, 17, 9, 2, 2, 6, 10, 14, 12, 1, 1, 6, 19] 
 
 
[10, 6, 1, 1, 5, 7, 7, 43, 1, 25, 9, 1, 3, 2, 1, 15, 9, 6, 2, 4, 5, 1, 3, 9, 4, 5, 8, 2, 6, 10, 2, 1, 2, 7, 16, 8, 2, 3, 1, 58, 5, 20, 5, 2, 4, 14] 
 
 
[10, 7, 1, 2, 3, 3, 8, 90, 4, 19, 6, 1, 10, 3, 6, 7, 8, 6, 6, 6, 3, 2, 3, 2, 6, 6, 4, 6, 7, 2, 7, 2, 1, 5, 10, 11, 1, 3, 6, 126, 5, 18, 3, 3, 4, 28] 
 
 
[10, 8, 2, 1, 3, 1, 2, 14, 8, 15, 6, 2, 9, 8, 5, 11, 10, 2, 1, 6, 3, 3, 1, 8, 4, 6, 4, 4, 2, 12, 1, 1, 1, 2, 2, 5, 1, 3, 1, 38, 5, 22, 4, 2, 4, 35] 
 
 
[10, 9, 4, 4, 1, 2, 8, 35, 3, 9, 1, 2, 4, 6, 4, 11, 2, 5, 2, 1, 5, 2, 2, 4, 5, 2, 8, 2, 5, 10, 9, 2, 2, 6, 23, 10, 2, 1, 1, 80, 2, 32, 5, 2, 3, 7] 
 
 
[11, 1, 3, 2, 4, 2, 7, 48, 4, 17, 8, 3, 7, 4, 4, 10, 12, 5, 7, 3, 5, 3, 1, 2, 6, 7, 6, 1, 9, 3, 10, 2, 3, 7, 5, 6, 2, 2, 6, 122, 12, 2, 4, 1, 2, 34] 
 
 
[11, 2, 2, 1, 3, 4, 1, 24, 2, 19, 2, 2, 7, 1, 6, 3, 5, 5, 4, 3, 3, 3, 3, 5, 8, 2, 4, 6, 8, 7, 1, 2, 3, 8, 1, 5, 2, 2, 5, 39, 9, 23, 5, 3, 1, 15] 
 
 
[11, 3, 2, 4, 1, 2, 4, 20, 7, 25, 6, 1, 1, 6, 2, 9, 5, 5, 1, 6, 3, 1, 1, 6, 3, 1, 6, 1, 1, 12, 4, 1, 1, 1, 13, 2, 3, 3, 6, 65, 2, 29, 5, 3, 6, 5] 
 
 
[11, 4, 3, 2, 3, 4, 6, 35, 4, 19, 5, 2, 7, 7, 4, 11, 8, 1, 4, 5, 2, 2, 1, 6, 4, 6, 5, 4, 10, 2, 1, 1, 2, 7, 8, 6, 1, 1, 2, 84, 8, 35, 3, 3, 4, 11] 
 
 
[11, 5, 1, 1, 4, 6, 1, 39, 4, 22, 3, 2, 4, 5, 3, 17, 11, 3, 5, 5, 1, 3, 2, 7, 6, 4, 1, 5, 9, 3, 2, 2, 3, 8, 4, 7, 2, 3, 7, 27, 15, 12, 3, 1, 3, 19] 
 
 
[11, 6, 1, 5, 2, 4, 1, 105, 6, 14, 7, 1, 3, 8, 1, 3, 2, 2, 6, 3, 4, 3, 2, 1, 7, 7, 4, 6, 7, 7, 3, 1, 3, 3, 24, 1, 3, 3, 6, 78, 8, 32, 2, 3, 1, 22] 
 
 
[11, 7, 4, 5, 3, 1, 2, 79, 4, 22, 9, 3, 3, 6, 5, 9, 3, 2, 6, 3, 3, 3, 1, 7, 1, 4, 1, 5, 10, 11, 7, 1, 1, 10, 28, 7, 1, 3, 3, 83, 8, 7, 1, 2, 4, 30] 
 
 
[11, 8, 1, 1, 1, 2, 2, 103, 4, 10, 5, 3, 1, 4, 2, 7, 11, 4, 7, 1, 3, 3, 1, 6, 7, 2, 6, 1, 1, 10, 3, 2, 1, 7, 10, 4, 3, 2, 7, 109, 8, 12, 1, 1, 5, 15] 
 
 
[11, 9, 3, 3, 2, 3, 3, 25, 5, 8, 8, 1, 8, 7, 4, 11, 14, 5, 5, 4, 1, 2, 2, 7, 6, 1, 1, 2, 7, 9, 10, 1, 1, 7, 6, 3, 2, 3, 1, 67, 12, 2, 3, 2, 3, 5] 
 
 
[12, 1, 4, 4, 3, 7, 6, 63, 6, 20, 6, 1, 10, 6, 3, 5, 2, 6, 5, 6, 2, 3, 2, 6, 2, 3, 5, 4, 3, 10, 4, 2, 1, 6, 24, 7, 1, 3, 5, 77, 10, 3, 1, 2, 2, 27] 
 
 
[12, 2, 2, 3, 3, 1, 7, 104, 1, 14, 5, 1, 10, 8, 1, 11, 2, 6, 7, 1, 3, 3, 1, 7, 6, 1, 5, 6, 5, 12, 4, 1, 2, 4, 12, 3, 1, 2, 3, 16, 8, 31, 6, 2, 4, 33] 
 
 
[12, 3, 3, 6, 1, 7, 1, 30, 2, 2, 5, 2, 8, 4, 1, 10, 11, 5, 8, 4, 3, 3, 1, 9, 3, 1, 6, 6, 1, 10, 10, 2, 1, 2, 16, 4, 3, 3, 6, 14, 2, 14, 1, 2, 4, 25] 
 
 
[12, 4, 4, 1, 1, 3, 3, 86, 2, 7, 8, 3, 7, 5, 6, 6, 11, 3, 4, 4, 2, 3, 3, 7, 1, 3, 7, 2, 10, 5, 1, 2, 2, 2, 11, 3, 2, 3, 1, 12, 2, 22, 6, 2, 4, 11] 
 
 
[12, 5, 4, 1, 3, 3, 6, 84, 1, 6, 1, 3, 6, 5, 1, 9, 5, 4, 2, 6, 2, 3, 3, 10, 2, 1, 4, 4, 6, 12, 3, 2, 3, 6, 16, 5, 2, 1, 4, 37, 3, 23, 1, 1, 2, 37] 
 
 
[12, 6, 2, 3, 1, 5, 8, 96, 3, 6, 5, 3, 4, 2, 3, 6, 9, 1, 3, 5, 1, 3, 2, 2, 8, 7, 8, 4, 5, 6, 9, 1, 2, 2, 18, 10, 1, 2, 7, 67, 14, 32, 1, 2, 3, 39] 
 
 
[12, 7, 2, 6, 2, 4, 7, 112, 8, 16, 4, 3, 3, 8, 6, 4, 1, 6, 2, 5, 3, 1, 2, 1, 2, 6, 6, 4, 9, 6, 9, 2, 1, 10, 13, 5, 1, 2, 8, 3, 3, 11, 1, 2, 3, 5] 
 
 
[12, 8, 4, 6, 5, 3, 4, 97, 3, 16, 7, 2, 3, 6, 3, 4, 8, 2, 4, 1, 2, 3, 3, 3, 5, 5, 2, 6, 2, 10, 1, 1, 1, 10, 3, 8, 3, 1, 7, 5, 6, 34, 2, 2, 6, 12] 
 
 
[12, 9, 1, 6, 1, 7, 6, 18, 8, 10, 6, 1, 4, 4, 2, 18, 3, 6, 1, 5, 5, 2, 3, 3, 8, 4, 3, 5, 2, 8, 6, 2, 2, 1, 11, 1, 3, 3, 1, 97, 8, 3, 1, 1, 1, 29] 
 
 
[13, 1, 4, 2, 3, 5, 2, 79, 6, 19, 2, 1, 7, 7, 1, 16, 7, 5, 3, 2, 3, 3, 1, 4, 8, 3, 1, 6, 10, 10, 8, 1, 3, 5, 9, 6, 2, 1, 4, 119, 10, 8, 4, 1, 2, 38] 
 
 
[13, 2, 2, 4, 4, 7, 1, 46, 6, 23, 3, 2, 2, 2, 2, 17, 1, 2, 1, 1, 2, 3, 2, 1, 8, 3, 4, 1, 5, 2, 2, 1, 3, 3, 2, 4, 3, 3, 1, 50, 1, 32, 5, 2, 3, 17] 
 
 
[13, 3, 1, 3, 2, 7, 1, 58, 2, 9, 1, 2, 9, 7, 3, 15, 7, 5, 1, 6, 2, 2, 2, 3, 5, 7, 2, 4, 2, 10, 4, 1, 1, 4, 17, 11, 1, 2, 2, 82, 3, 7, 4, 2, 4, 30] 
 
 
[13, 4, 2, 3, 1, 2, 3, 82, 5, 18, 2, 1, 1, 1, 2, 16, 13, 6, 3, 4, 2, 2, 2, 9, 7, 5, 6, 6, 7, 7, 2, 1, 2, 8, 6, 11, 2, 2, 8, 58, 2, 21, 6, 1, 4, 13] 
 
 
[13, 5, 4, 2, 5, 4, 5, 72, 2, 12, 8, 3, 5, 6, 1, 13, 5, 1, 5, 6, 1, 2, 2, 9, 6, 6, 1, 2, 8, 4, 6, 1, 3, 1, 10, 7, 2, 1, 3, 101, 4, 19, 3, 3, 3, 12] 
 
 
[13, 6, 1, 2, 4, 6, 2, 56, 8, 3, 4, 1, 4, 3, 5, 6, 11, 2, 7, 1, 5, 1, 2, 5, 6, 3, 5, 2, 2, 12, 1, 1, 3, 7, 15, 6, 1, 1, 1, 92, 3, 2, 2, 3, 3, 33] 
 
 
[13, 7, 1, 1, 1, 1, 5, 91, 8, 23, 2, 3, 2, 6, 1, 16, 7, 3, 7, 2, 2, 2, 2, 1, 4, 4, 6, 2, 6, 7, 1, 1, 1, 10, 14, 2, 3, 2, 4, 127, 2, 25, 1, 1, 5, 3] 
 
 
[13, 8, 1, 2, 2, 6, 7, 5, 7, 24, 9, 2, 4, 1, 1, 15, 3, 4, 5, 4, 5, 2, 1, 4, 7, 3, 1, 6, 9, 12, 8, 2, 2, 7, 14, 5, 2, 1, 5, 73, 3, 6, 4, 3, 5, 18] 
 
 
[13, 9, 3, 4, 3, 6, 8, 92, 6, 21, 3, 2, 4, 6, 1, 10, 14, 2, 3, 1, 4, 3, 2, 9, 6, 7, 7, 2, 1, 12, 10, 2, 3, 4, 2, 8, 1, 1, 2, 53, 13, 13, 1, 3, 2, 2] 
 
 
[14, 1, 2, 1, 5, 1, 7, 113, 8, 13, 5, 3, 9, 7, 3, 14, 13, 2, 8, 4, 5, 2, 1, 10, 7, 7, 1, 4, 4, 2, 7, 1, 1, 4, 26, 11, 1, 1, 2, 70, 12, 26, 2, 2, 5, 22] 
 
 
[14, 2, 2, 2, 5, 2, 6, 52, 8, 18, 6, 1, 6, 1, 5, 8, 8, 6, 4, 1, 4, 1, 1, 10, 4, 6, 3, 4, 5, 5, 9, 2, 1, 5, 26, 6, 1, 3, 2, 19, 15, 5, 1, 2, 5, 6] 
 
 
[14, 3, 1, 2, 4, 6, 8, 57, 4, 21, 8, 1, 8, 4, 4, 12, 13, 4, 5, 5, 2, 3, 1, 2, 6, 6, 9, 1, 4, 9, 6, 2, 2, 7, 4, 7, 1, 1, 4, 11, 5, 35, 1, 3, 3, 37] 
 
 
[14, 4, 3, 1, 1, 1, 6, 74, 7, 2, 1, 3, 5, 1, 3, 7, 9, 5, 2, 2, 2, 1, 2, 4, 5, 5, 9, 2, 8, 11, 9, 2, 2, 7, 7, 1, 3, 1, 8, 12, 10, 34, 1, 1, 6, 30] 
 
 
[14, 5, 1, 3, 4, 2, 2, 86, 7, 17, 7, 3, 1, 2, 2, 10, 6, 4, 4, 3, 5, 3, 3, 6, 2, 6, 3, 6, 3, 3, 2, 2, 2, 7, 19, 6, 1, 3, 4, 3, 10, 19, 6, 1, 2, 18] 
 
 
[14, 6, 1, 5, 2, 5, 2, 53, 2, 2, 5, 1, 10, 8, 4, 11, 3, 4, 4, 2, 2, 2, 3, 2, 4, 5, 2, 4, 9, 1, 8, 2, 2, 8, 26, 5, 2, 2, 5, 18, 9, 26, 3, 1, 6, 17] 
 
 
[14, 7, 3, 6, 5, 7, 4, 40, 8, 13, 1, 1, 5, 3, 3, 3, 14, 5, 7, 4, 1, 3, 2, 9, 1, 1, 2, 5, 3, 11, 10, 2, 1, 1, 4, 3, 2, 1, 6, 96, 9, 12, 4, 2, 4, 8] 
 
 
[14, 8, 1, 2, 3, 3, 7, 89, 7, 23, 2, 1, 8, 4, 2, 4, 10, 1, 8, 4, 3, 3, 3, 3, 5, 4, 9, 4, 4, 6, 5, 1, 1, 9, 11, 10, 3, 2, 1, 97, 1, 35, 1, 1, 6, 19] 
 
 
[14, 9, 2, 2, 4, 5, 2, 59, 5, 12, 3, 3, 2, 5, 2, 16, 9, 1, 4, 1, 4, 3, 1, 7, 7, 5, 8, 5, 10, 9, 8, 1, 2, 4, 11, 8, 1, 1, 8, 58, 11, 21, 2, 2, 5, 34] 
 
 
[15, 1, 1, 6, 4, 6, 4, 71, 4, 25, 8, 3, 10, 1, 5, 2, 14, 6, 4, 2, 1, 3, 1, 1, 5, 6, 7, 3, 8, 3, 4, 2, 1, 5, 10, 8, 2, 1, 5, 122, 4, 12, 5, 1, 1, 30] 
 
 
[15, 2, 2, 5, 2, 7, 8, 114, 2, 9, 6, 2, 5, 4, 3, 12, 7, 5, 7, 6, 3, 3, 3, 9, 1, 1, 1, 6, 9, 12, 7, 2, 3, 1, 1, 9, 1, 2, 1, 7, 10, 5, 5, 2, 6, 4] 
 
 
[15, 3, 3, 5, 1, 4, 5, 95, 8, 20, 8, 1, 7, 7, 1, 3, 9, 1, 5, 4, 1, 1, 2, 7, 4, 1, 5, 2, 9, 6, 6, 1, 1, 8, 25, 4, 2, 2, 4, 84, 2, 8, 6, 1, 3, 10] 
 
 
[15, 4, 1, 3, 4, 7, 3, 69, 3, 11, 5, 3, 9, 8, 1, 10, 12, 1, 7, 6, 2, 3, 3, 6, 5, 4, 6, 2, 8, 4, 5, 1, 3, 1, 10, 4, 2, 1, 7, 74, 9, 16, 2, 2, 1, 21] 
 
 
[15, 5, 3, 6, 1, 6, 6, 98, 5, 12, 5, 2, 8, 5, 5, 18, 5, 1, 5, 1, 5, 2, 2, 5, 7, 3, 2, 3, 10, 11, 1, 2, 3, 8, 12, 4, 2, 3, 1, 37, 6, 25, 1, 1, 4, 30] 
 
 
[15, 6, 2, 5, 2, 7, 3, 89, 2, 13, 9, 2, 10, 7, 1, 15, 7, 3, 3, 2, 3, 3, 2, 1, 4, 1, 7, 2, 5, 11, 1, 2, 3, 5, 12, 5, 3, 1, 2, 126, 4, 13, 4, 2, 3, 8] 
 
 
[15, 7, 3, 1, 5, 5, 1, 24, 4, 18, 6, 2, 6, 2, 5, 8, 11, 3, 7, 6, 2, 1, 2, 2, 2, 5, 8, 5, 10, 12, 1, 1, 3, 9, 3, 3, 3, 3, 1, 22, 14, 4, 6, 3, 4, 19] 
 
 
[15, 8, 4, 3, 1, 5, 5, 24, 7, 25, 4, 2, 2, 1, 5, 7, 1, 4, 6, 4, 1, 2, 1, 9, 4, 5, 1, 5, 10, 4, 1, 1, 1, 5, 18, 8, 3, 2, 7, 69, 10, 6, 6, 3, 5, 33] 
 
 
[15, 9, 4, 5, 2, 7, 7, 58, 4, 7, 4, 1, 10, 2, 3, 11, 6, 2, 8, 1, 5, 2, 3, 7, 5, 7, 4, 6, 6, 11, 2, 1, 3, 7, 28, 10, 3, 2, 6, 120, 2, 22, 1, 2, 2, 35]
